Xiaofan$:./run.sh sca.lp 
clingo version 4.3.0
Reading from sca.lp
Solving...
Answer: 1

p(1,1,2) p(2,1,1) p(3,1,4) p(4,1,3) p(5,1,3) p(6,1,7) p(7,1,5) p(8,1,8) p(9,1,9) p(10,1,5) p(11,1,8) 
p(1,2,8) p(2,2,6) p(3,2,2) p(4,2,4) p(5,2,10) p(6,2,4) p(7,2,4) p(8,2,10) p(9,2,7) p(10,2,1) p(11,2,2) 
p(1,3,1) p(2,3,9) p(3,3,9) p(4,3,1) p(5,3,7) p(6,3,9) p(7,3,7) p(8,3,6) p(9,3,5) p(10,3,10) p(11,3,6) 
p(1,4,5) p(2,4,4) p(3,4,6) p(4,4,8) p(5,4,6) p(6,4,10) p(7,4,6) p(8,4,9) p(9,4,2) p(10,4,7) p(11,4,3) 
p(1,5,4) p(2,5,10) p(3,5,7) p(4,5,9) p(5,5,2) p(6,5,8) p(7,5,3) p(8,5,4) p(9,5,3) p(10,5,3) p(11,5,7) 
p(1,6,9) p(2,6,5) p(3,6,1) p(4,6,2) p(5,6,5) p(6,6,3) p(7,6,9) p(8,6,1) p(9,6,6) p(10,6,2) p(11,6,4) 
p(1,7,10) p(2,7,8) p(3,7,3) p(4,7,7) p(5,7,8) p(6,7,5) p(7,7,8) p(8,7,3) p(9,7,10) p(10,7,9) p(11,7,10) 
p(1,8,3) p(2,8,2) p(3,8,8) p(4,8,6) p(5,8,4) p(6,8,1) p(7,8,2) p(8,8,5) p(9,8,1) p(10,8,4) p(11,8,5) 
p(1,9,6) p(2,9,7) p(3,9,5) p(4,9,5) p(5,9,1) p(6,9,6) p(7,9,10) p(8,9,7) p(9,9,8) p(10,9,8) p(11,9,9) 
p(1,10,7) p(2,10,3) p(3,10,10) p(4,10,10) p(5,10,9) p(6,10,2) p(7,10,1) p(8,10,2) p(9,10,4) p(10,10,6) p(11,10,1)

SATISFIABLE

Models       : 1+    
Calls        : 1
Time         : 6035.862s (Solving: 6030.94s 1st Model: 6030.88s Unsat: 0.00s)
CPU Time     : 6025.610s